2479041101
3039435518
16514197
904643137
1454917301
696226427
1758390174
1211511771
1619442932
3669652040
4078311128
4129875169
3612109879
1787763919
3089346886
633143901
1398129082
3747825833
2125766588
2025240370
2536589112
1792182199
24616287
2673008610
3260954875
3849480364
3877009354
1705778274
4197404396
1627067716
110296395
1320617775
2202695290
281347813
3827885771
3382087974
4131466977
63220786
2712816736
2362615775
3138529616
1002549707
506640067
2785089791
153670600
534025206
1334933016
2324174253
1845716059
512605680
961310881
3812301061
3585271256
643838691
3238854291
1518595889
3062631541
984097201
1841947375
441775170
3302533895
3830011809
3429442793
1630173571
3837940911
817598390
2872108510
2297367728
801931734
968651055
3884125776
2165223708
2422557239
2603963970
3826323556
378972549
38098887
62849042
1492918325
2429878474
3749973049
3564727956
3595382177
1931056261
1058436261
633270054
797530122
1261688280
623850091
3142767955
1404551840
3370442265
167772805
1284480897
1920254014
2202138508
2873550226
3881316533
1150738127
2879909157
2760854048
1760526758
3125717137
4007503551
1922801259
1634963448
3384778090
659771949
3198528951
2811188090
1061280405
2958479913
4023665976
4031868446
421338455
469157666
999398729
1280093052
1539864390
2067080882
3537590201
3121844869
2327361095
3502809074
999816531
2111033263
4191592092
1995526780
1365919673
865108775
3541711587
223035831
3139063027
4263202036
2550930918
2308073541
3229797726
947301263
3644908517
1031633833
1488218954
4200281203
783969589
2970902384
2899734763
3654090093
643424592
1828454488
884418126
3636201346
3937117967
3640346850
1679948541
1113895696
3718891577
3109581669
1503125440
3620274706
3583491936
4025979244
4062070268
3008114329
1347824082
3895784213
2063682336
923957752
3262606811
4123824003
2316115004
884024907
2614200325
104975947
1296268272
235810171
3258289753
2658938478
686397725
3038359670
3013978533
795717744
422244461
1430148645
824016556
905511948
647385211
2617893003
3869652315
1770317845
2813314361
96078706
1717648340
906931601
380247498
2731401940
3913434641
3151286297
1887116787
891044002
3282490777
1317632817
1728438074
4108043005
449577819
962553881
369366297
3981857756
2002051145
4088363102
1518266750
2184888251
2822935402
4040545840
3110633899
1724866594
338541253
2628453289
4161652920
2032332898
3478360835
2670585188
3721744897
2694103502
3984266033
1570833098
3184112502
3839196378
528307924
365838611
1811048305
3700775689
1951807921
1102214382
3243495043
761555434
3305954431
1156854483
4106918416
954362417
3555996230
3576264534
2783148594
2761499591
1182657055
1168630932
569890794
1305868510
1385525320
4066648582
2870911859
2210320809
3249611771
2102684777
1946192772
517589155
3887323998
124394637
574917041
4082069680
2384278890
1316615652
3662228475
2190760006
2342996871
212419846
2116027977
2096867868
833116795
1787450307
2258711877
4065929371
1216418454
2947772377
1345551785
789055039
914926068
196574692
3822514147
1341484300
2350958584
517569295
2082937977
993129194
1549021688
2212741151
88323830
883922330
3412369148
3852322735
1962839605
718421450
3264245677
2384322215
3133117296
1304423011
2123586047
263444804
8268818
4285305631
453120686
2820622149
20982808
2888669825
864898392
1780160087
1540798856
356425247
3662653351
2304816641
4168355899
2458335621
1321792865
2665104940
1483912715
821609782
2384024751
383565175
3150569590
1043600454
1795823115
1385051318
2546213944
2455807872
2342358452
3784272567
1458169590
1790559275
1468100663
3958601597
3174167656
289615026
2683095635
1130964113
3837076006
3909862162
3342383280
1982258085
3209700443
4026233940
702075814
3703088458
1930101510
1694368233
3958074493
2957932826
436956210
3080169038
2405737141
3548260276
3523709602
4085233114
2671716417
3898900088
774009844
962254508
2424133035
2576848319
3611057880
3083645399
287213697
1847292428
1876975931
1975910379
1885023045
949130492
2065395744
504149086
2405068021
1722211895
1188508914
1097858911
1855687178
3039052912
805327246
1489128938
2108334641
842300856
760951633
1289598099
108914736
1665109613
4203993946
4265200299
2790116732
3934957673
1106506184
473466449
2287579731
8827781
728554091
303922801
4181535376
2788028577
2681476628
465106487
3736939558
159350604
42724982
2429363024
50038831
2939294735
2765762750
2837124180
108148218
2416932167
3660821445
686980331
1078253641
853710718
2412772286
945007505
3181257299
363871433
110336135
491761509
1189610456
581328889
863645995
2376765772
3902910731
1139619095
4099249830
2684340486
839881390
1851983642
3348266583
947978232
2536110253
4150317563
2494752408
1134034619
2851083167
1310120292
1313427940
3696691740
2733748908
658392055
4120850356
2272712350
3388674502
3016900180
793151790
2696898092
3962052686
483979370
2034923489
2941303017
4094392041
3797804840
394331455
3869324607
3461430741
1703870193
1684417424
1649735617
2465319928
4040889048
4224672097
2950884146
3980535814
2451884759
584269425
1121998767
2723183912
3666589587
3471988288
1216231639
215308554
1282995072
2411980986
675475311
1714627545
4020783798
1851692494
1051734270
3868874668
2301713410
1820134591
1283645954
2197629750
3506155380
3528381243
3782006610
1393685687
108088432
622332358
2653331032
1277620646
1119865219
3036655332
2772831211
3189428292
4152828287
805010543
2663016775
1330601347
2397308959
2999391253
2054074525
814766204
262699248
4099474535
1149431896
1001642296
3170708823
3012079585
1754035426
2109781078
899363940
1444140867
3317087728
3353549051
2978549759
3459782807
3751749024
4111013666
2548714407
775539968
2533788541
79408708
1476373944
3014233073
1512517042
1894439251
2997170402
3687502943
678289493
2846309944
1382716914
1286559131
1552795119
3689712221
3894758718
1658327532
4002147308
2921711180
2553577725
2927057837
3495170895
2970172641
863927020
2425427802
2175354797
2374359541
3687203223
2834600637
2265195357
3499489485
1232675093
2223166497
947361281
816556430
2245989958
650755537
936748738
1670657566
4127202056
3050884430
3360818074
4012011647
2824741193
3114310092
3900677786
1832067134
1000296838
2560358
111468075
693974247
867161334
222376026
2521322806
803098923
3256260207
993951895
1477246789
1904335195
1706453904
324387481
1378125910
3113652876
1625984304
3609446291
3723172209
423611809
4028047288
1700153221
3389595393
1142931195
472361076
4026112325
772212083
1025315911
2581384234
1997334199
1967892071
2432636253
35270748
951437097
649103135
608699083
2097746400
3375802439
817641407
4230177659
3787239796
1966434081
775784593
2652856703
3394722078
3818194816
4182025115
1487898531
2970836523
4127928229
897412492
2608391016
2943341733
1216175105
4139387746
505821359
2994846765
1680294476
1648773569
563382100
1338865465
3430586350
408188945
766929594
3328028699
2937049283
2374901907
2038366009
2046680092
4090594457
2991641730
4153717334
618484161
94191316
2985519654
3753841178
2203593346
1810343038
1075426149
889351007
2253407570
3047580743
3673699228
2276685211
1290905017
1407364857
1346866427
1077066499
2547203837
1983592043
1848407058
4250709244
45596749
2227731206
2288644368
900871077
2406847571
2650758359
1874440952
3489722820
540846431
1518307272
3750029431
1024470482
3037033142
4230290379
2421827045
240278470
270685151
643855180
2186591694
2686990224
3310002590
3109066487
651252893
2614013088
2966072985
1398180044
503992648
1446216320
839051011
1185966847
2575644487
1157734330
2923785819
364786429
975809910
3508413171
934859017
1579517864
993490531
3700768669
3366602743
1872840464
3450212549
2430000688
952019732
2780990236
2821950154
2074163792
2994819820
2823537468
966100341
570779434
62936993
1603038919
358801814
291368753
1671043263
1012697797
2177617394
2834795777
259617806
2480662685
2473770383
3851243034
673562544
4006861925
1120289172
220294977
2782860763
765341167
1154012066
233633509
378924274
2493671042
2984201569
3521300396
4005526563
3395956766
3359703764
3859247773
4072853585
1146216773
402403389
3090214391
3808006961
2489157614
2731040520
3911710187
2895986158
28659857
1592257255
3860754793
3140536517
59576892
1948140819
1247808634
3071306513
2994209976
2175867503
3068772777
1899533293
1398022944
2606631818
1063679422
251264146
2574041180
168238487
2481391090
4133882586
1624941406
1805663686
1785654587
1099607610
205014214
863364835
2910649603
1350386158
1367033684
1825867014
1295286049
311385368
265969447
2836989067
3265433737
2449926201
2047432261
166512834
2407388255
4245790465
2972440872
568986862
1441655776
1386194106
3898845571
1658051813
7158274
1657884173
4289661978
632552676
1255766406
248871334
1123634022
3738928896
1728505747
2570782789
422688987
3296356227
2571289016
1001803579
3227768306
2808099972
1096310117
1838133335
888635570
4069707187
1474318975
4064780456
918877557
3703164349
1322051655
1438217900
3382523183
4037671939
2879542154
3624911240
4184420244
9969660
1387741623
123942753
672082837
85880938
1507880756
3902757160
2611292541
3290014706
2614493428
2862118778
177709921
1020283377
3296811936
1546068948
4103428199
669660693
2779695493
1179776046
2843861103
3230393718
2762489539
3105184424
993378685
3268900653
3535704890
736140991
3569502750
2321704428
3056444984
3341871802
3616678335
3693899150
284901946
1584989749
2027418901
2656577575
3119940713
264467909
3886666680
1688030272
2673662767
1110115157
1074404897
3188998905
1192672303
2411935612
1504249884
2658790071
973955274
1387689049
1792947894
1392938173
1657868262
3245094225
1150541389
2175828979
287748450
1789324437
1709063510
611518593
2623593740
694776787
4156956419
2032998652
2620406420
2740116117
3518749216
2756130516
754185884
3289264994
2008639806
2008696810
214304469
84938077
2204544989
2440248229
2860229261
3437343406
3012563591
2627969923
3591903062
717713322
1487235546
156391288
2642254094
4247654657
1782864138
388315358
2244871572
850963377
1103008319
306431406
702950506
2243512474
2614816197
3473696723
820712841
991329515
2080757124
2631220282
283656847
3205199134
427247869
1868828097
713222394
1124158747
4069871746
431780356
788859873
2385695793
4006257273
4020430499
1900617550
1766332093
791464833
2479278346
1383181804
136615120
2602844965
3176090370
1362396062
3465443877
3622927466
2151543839
2916145134
1577160126
136210537
2224859653
631034699
1017796729
889501289
2240749408
1719228972
3248660103
3430625257
646329859
2199719261
2980670185
4055963304
2004523875
314554492
1147609002
2515270682
597931225
3663648732
3539865374
1884697587
1847793877
4294596674
3830226494
1869911560
3732576567
67829115
949807247
182640408
3145459174
4119856021
3852550405
142376718
1689617117
1758937555
4158531491
4294494062
899127403
3459167691
3842134452
1929645945
3474950356
493871902
1919435921
3786189255
338003510
572452355
844301339
493707585
2975322212
2364929631
2761036452
